PIDENT peak1 peak2 peak3 cen1 cen2 cen3 size1 size2 size3 sum peak volume Glon Glat Sigma_max Sigma_min Angle
1 60.9999999999998 96.99999999999898 37.000000000000014 61.000000167239335 96.99999990784919 36.670219014434736 2.5420969160960376 3.364632691150083 3.9567653936531 2169.9037279655718 4.270694673440859 13239.37634685711 61.250483098594515 97.25000321436917 3.5484744 2.278482 335.5314
2 27.000000000000256 104.99999999999895 76.0 26.999999924123614 104.99999973736284 76.15702964765907 3.3409972692944803 3.135456189900918 3.10253541954622 2203.7635827304443 4.721394062816897 12374.271193478367 27.25054041143528 105.24999151885547 3.8630928000000004 2.4637548000000002 229.3405
3 16.999999999997158 56.99999999999898 60.00000000000002 17.000000443316992 57.000000011329234 60.086260484237286 3.311325531208722 3.0003951282572356 4.582630855302679 1978.0496203134148 3.377910474625237 14765.058496785745 17.250303039187315 57.24999961181147 3.9862608 2.0192723999999997 229.7983
4 87.0000000000051 57.999999999998984 80.0 87.00000069603576 58.0000001176358 80.10318025627605 3.794819332435506 2.156800430332155 3.1110760281363516 1372.9234136434457 3.528511007194814 9886.566593212074 87.24978571222141 58.24999843207712 3.8561759999999996 2.0451995999999997 282.103
5 67.99999999999876 19.99999999999899 15.999999999999996 68.00000058012832 20.000000048395165 16.4166359480336 3.1743551732105737 3.117348514333485 3.376928834135129 1172.6758819075126 2.467444696992696 11380.038800965975 68.24967146558845 20.24999632291069 3.7965264000000003 2.3196491999999997 313.8725
6 92.0000000000021 83.99999999999896 33.00000000000001 92.0000002770864 83.99999985078549 33.371115816397825 3.036558197831245 3.247606903711808 4.5355814119654685 2688.136611392007 4.100408018377931 16933.921453212733 92.24966261141691 84.24999821646146 3.7028976 2.4609479999999997 220.0214
7 104.99999999999922 97.99999999999896 76.0 104.99999994337787 98.00000029632693 76.31507191743529 2.402347056880606 3.7864103202582546 3.720237834277825 3749.6582487061196 7.005603192419472 14895.791303270184 105.25033540131578 98.24999451435338 3.795486 2.3880432 185.1011
8 103.99999999999903 18.99999999999899 97.0 103.99999931224589 18.99999995537536 97.37431288919383 3.0477587515396793 2.895069894425835 3.065895322734392 1265.0091548069513 3.180260309129037 9895.107657495406 104.25009095872646 19.249998882596913 3.5038152 2.3224116 228.7982
9 81.00000000000026 96.99999999999896 36.00000000000001 81.00000018764048 97.0000001634609 35.73718085801127 2.913667608709844 3.276457254058032 3.6000222209935653 1612.842043068639 3.1403176032155264 12789.89134745166 81.25013242368671 97.2500002197497 3.6143796 2.4821244 324.5037
10 64.00000000000125 80.99999999999899 57.0 64.00000001085455 81.00000024416008 57.30088661186928 3.3244490110612688 2.8728395019489077 4.5488727580284705 1472.003417999493 2.502941477060836 14151.293097198335 64.25023382196525 81.25000347004725 3.8480064 2.1208956 232.8889
11 89.00000000000158 76.99999999999898 97.0 88.99999990385012 77.00000032218412 96.81893188082034 2.8748162751254793 2.986778053830183 4.25092145015903 4130.073408682512 7.922799092216734 14811.053819192482 89.24985814499003 77.2500015552267 3.5093123999999998 2.2068852000000003 222.4817
12 86.00000000000064 73.99999999999896 88.0 86.00000026681207 73.99999983676423 87.87525938070259 2.5679302579589938 3.291186719738334 3.8271999566473163 1961.152661211418 4.361127873625149 11751.360191069556 86.24949536760951 74.249994177324 3.6464688 2.03214 211.2437
13 88.00000000000122 94.99999999999899 18.999999999999996 88.00000012114454 95.00000012867558 18.83345596616332 3.1741193207617178 2.719740503403032 3.009320564572209 2203.5368569068423 5.967364872520499 10081.023793888338 88.24989641129523 95.24999746053417 3.5715984 2.1715884 305.2827
14 37.999999999996476 64.99999999999898 67.0 38.00000005641235 64.99999984852043 67.05805973514789 2.460064701530844 3.785440183674475 4.637564064142294 5822.236210242113 8.965120787632003 18756.6528308062 38.24962887055881 65.24999756233777 3.905094 2.265384 197.5663
15 46.00000000000264 68.99999999999898 78.00000000000001 46.00000025231094 69.0000001111566 78.30376508377978 2.4491736985123387 3.920613343398605 3.0311656220822534 4017.9288653667954 8.877159626331228 12967.231964851782 46.24956232915903 69.24999254853508 3.9640079999999998 2.3783304000000003 349.3873
16 22.999999999995623 31.99999999999897 81.00000000000001 22.999999902438304 32.00000002800884 80.84967815568793 2.423035174286187 3.847102538377371 4.848377979054743 5356.965558592747 7.48904970293265 20172.271320850705 23.249867203610506 32.25000252748107 3.8507808000000003 2.4172428 356.8121
17 62.999999999999744 65.99999999999898 78.00000000000001 62.99999990128428 65.99999996443577 78.4640959642688 3.877232941017046 2.5361681337489657 3.815320322491982 5238.397284325648 8.91591641642986 16834.15482792647 63.249738106292696 66.24999842904995 3.921984 2.4664128 281.1829
18 38.999999999998124 32.999999999998984 69.00000000000001 39.00000000439357 32.999999971999316 69.48929603060108 2.5790026139517233 3.7087681720303705 3.9335241669252765 3187.409288509665 5.480991381710577 15599.869262364131 39.250156787038804 33.24999744724989 3.794274 2.4515124 343.9602
19 106.99999999999953 16.99999999999899 37.000000000000014 106.99999998193785 17.000000453469156 36.87741425364758 2.9298160376189375 3.2432271322775956 3.62108799371355 1823.8825648281404 3.812590953314072 12281.894463204213 107.2499629650413 17.24999712797758 3.7684619999999995 2.2138488 321.0092
20 105.0000000000011 73.99999999999898 17.000000000000004 104.9999991233581 73.99999897596807 16.803502968785335 3.352725373634447 2.933993133199894 3.147748032928464 2502.080165174828 5.908422087017988 11548.046012465893 105.250473826994 74.24999424478477 3.881142 2.1876767999999998 307.5877
21 35.99999999999912 31.99999999999899 75.00000000000001 36.00000000066149 31.999999977049058 74.54346469176733 3.735088701587306 2.7006109234693367 4.95530185918477 6434.551950357645 8.729589023756054 21113.065951568708 36.249808244295934 32.25000358534659 3.9522708 2.3714676 294.1356
22 18.99999999999781 98.99999999999898 81.00000000000001 19.00000032910154 99.00000016787597 80.87084956100708 3.9728494613967515 2.1903152169039353 3.9019098969369432 2549.238112385632 4.739923077662196 14232.026365555797 19.250394296802625 99.24999393238656 3.9728568 2.1903144 270.0759
23 52.00000000000088 79.99999999999899 61.00000000000001 51.99999976597098 79.99999969753603 61.40427808575836 3.133671276800925 3.020695088920741 3.430131997976125 3604.3979363293697 7.944579212108676 12794.863048799984 52.249593485398094 80.24999193446045 3.7434696 2.2205567999999998 312.8189
24 86.99999999999838 37.999999999999 71.00000000000001 86.99999996230359 37.99999982476549 71.37539697948307 2.4386375777474796 3.375574203394825 4.572165550518006 1236.928868573181 2.161611505630406 13474.188368731231 87.2498160098648 38.24999410810766 3.5162988 2.2309428000000002 201.2546
25 59.99999999999832 60.99999999999896 33.00000000000001 59.999999779265536 60.99999984767597 32.7344822238898 3.441036107534191 2.5791757911631055 4.791387456603442 2968.9529760961354 4.468852017607239 17391.222977197605 60.249904171734016 61.250003338407325 3.5016852 2.496216 254.692
26 66.000000000002 20.999999999998977 64.99999999999999 65.99999992343339 20.99999991799099 65.45920559806054 3.4243860277237976 2.7153440235389774 3.932247147986673 3458.5599238383643 6.746031069442185 14143.598523010947 66.25059185965836 21.250005221501993 3.8021399999999996 2.1548556000000003 301.843
27 35.9999999999994 109.999999999999 46.99999999999999 35.99999997066618 110.00000004302771 46.94672782864688 3.5216823893739533 2.236944532927626 3.7386350110170694 1544.2490240032726 3.3478387616127487 11624.778294727541 36.249704073265235 110.24999457573374 3.5490492 2.1933696 279.0787
28 96.0000000000012 13.999999999999005 18.999999999999996 96.00000000353585 14.000000067243732 19.19835049201524 3.9747168607827725 2.390001607704791 3.963998840187195 5045.69787284702 8.534841865899626 16957.782766032935 96.24967667672799 14.250000649699288 3.9947868000000004 2.356332 277.1281
29 32.99999999999889 16.99999999999899 46.99999999999999 33.00000007237938 17.00000035847951 47.24627726717022 3.149142440030844 3.1079480576026866 3.838418075179931 2386.9671929728697 4.752358326694527 13293.426668511502 33.250310539869304 17.249998061183675 3.8802959999999995 2.1259896 314.3137
30 57.99999999999942 56.999999999998984 48.0 57.99999994059915 57.000000096000534 48.045818897534936 3.6534104130610676 2.635862214678126 4.29470927066034 1870.9082199922693 2.9366644547428087 15753.714455086132 58.24982736686306 57.25000281311757 3.7559400000000003 2.4876072000000002 251.9715
31 56.00000000000077 52.999999999998984 103.99999999999997 56.00000011520146 53.00000012824446 103.67583494998631 2.5353407272082493 3.7404926879724867 3.5331268969537084 4872.207910749066 9.289500617734797 15142.734756091992 56.24972010814467 53.24999790269536 3.7755228 2.4829068 349.6224
32 39.999999999997385 90.99999999999899 42.0 40.00000009632137 91.00000002140396 42.27896800185263 2.4139168798165067 3.666282683126262 4.043478706730011 4058.8568093576678 7.170564403057487 15840.614858815557 40.249723079254096 91.25000275901434 3.6699768 2.408316 183.4186
33 67.00000000000176 95.99999999999899 82.0 67.00000025381593 96.00000001180311 81.57654590642655 3.6027119938393786 2.5248218721506435 3.5446425417289507 3315.221823080393 6.841438885740788 13408.806842440661 67.24968140667355 96.24999368903897 3.7496304 2.3009939999999998 290.5638
34 83.9999999999993 15.999999999998991 46.99999999999999 84.00000011719858 16.000000179568715 46.704857414049165 2.7723483910582467 3.2334762879753924 4.244198442159404 3259.314129790755 6.1893366831268875 14430.505643397186 84.25051953193964 16.250001593098375 3.6978576 2.1136331999999998 323.7614
35 88.99999999999822 44.999999999998984 54.0 89.00000009431392 45.000000041358064 53.81129409176938 3.9137354731444645 2.404473037792729 3.2675760734212345 4649.070780786563 9.616082186154696 14083.221264591735 89.25026829280554 45.24999699538658 3.9329148 2.3729868 262.9062
36 78.00000000000132 75.99999999999898 67.99999999999999 77.9999999960841 76.00000001566693 68.43787393698584 2.4381368354722364 3.86880276404183 3.9800936607261126 5323.644756499637 8.965108503403366 17073.419362835877 78.24991664526895 76.25000217550317 3.8849123999999997 2.412474 353.3552
37 85.9999999999987 31.999999999998998 81.00000000000001 85.99999995219979 31.999999995711214 81.46239476209342 3.4123136483189067 2.486436359430507 4.948585523478872 4835.559634997379 7.739364603107501 17628.93668138384 86.25031893750092 32.24999334543267 3.5967995999999998 2.211186 293.64
38 54.999999999997655 27.999999999998984 75.00000000000001 55.00000011326806 27.99999977122657 75.23143048137176 3.883063783113106 2.4708286804841535 4.774093489087777 4552.995605712864 6.292674638709732 19931.986756759285 55.250148909836014 28.24999952581065 3.8934659999999996 2.4544691999999997 275.4045
39 101.00000000000003 21.99999999999899 96.00000000000001 100.99999987789913 22.000000028875107 95.53353068288318 3.3379200869201164 2.370343423212819 3.30315367777311 2062.318295482275 5.289526226963716 10380.491742214559 101.25039362732362 22.250001756399413 3.5121684 2.1035687999999997 292.8648
40 73.99999999999933 90.99999999999896 89.0 74.00000040132146 91.00000030975387 88.75765985928125 2.7509728085476706 3.330825631099396 4.733605652733075 3594.2447175023317 6.124332873293083 16073.828894102546 74.2499956590839 91.24999617902205 3.7979436000000004 2.0586804 325.1391
